image: 2d_grid_map.pgm
resolution: 0.050000
origin: [-23.000000, -28.150000, -nan]
negate: 0
occupied_thresh: 0.65
free_thresh: 0.196

