common:
    lid_topic:  "/os32_top/point_cloud"
    imu_topic:  "/zed_node/imu/data"
    time_sync_en: false         # ONLY turn on when external time synchronization is really not possible
    
preprocess:
    lidar_type: 4                # 1 for Livox serials LiDAR, 2 for Velodyne LiDAR, 3 for ouster LiDAR, 4 for ouster OS0 
    scan_line: 32
    blind: 4
    time_scale: 1e-3

mapping:
    acc_cov: 0.1
    gyr_cov: 0.1
    b_acc_cov: 0.0001
    b_gyr_cov: 0.0001
    fov_degree:    180
    det_range:     150.0
    extrinsic_est_en:  true     # true: enable the online estimation of IMU-LiDAR extrinsic
    extrinsic_T: 
            [-0.0587, -0.0577, 0.0054] # IMU to ouster after 2023-02 
            # [0.0587, 0.0577, -0.0054] # ouster to IMU after 2023-02
    #  [-0.1498, -0.0577, 0.2498] # IMU to ouster before 2023-02 
            
    extrinsic_R: 
                 [ 9.999548193939891139e-01, -9.098933816038247413e-03 ,-2.750999443931916467e-03,
                    9.092190320397736114e-03, 9.999556538588846299e-01 ,-2.453938593847572371e-03,
                    2.773205673372195618e-03 ,2.428815113602634645e-03 ,9.999932047825228487e-01]  ## IMU to ouster after 2023-02
                # [9.999548199701684403e-01, 9.092190325635726711e-03, 2.773205674973328039e-03,
                # -9.098933821282063211e-03, 9.999556544350647336e-01 ,2.428815114998509814e-03,
                # -2.750999445513855474e-03 ,-2.453938595265161941e-03, 9.999932053587352598e-01] ## ouster to IMU after 2023-02



            #    [ 9.999747573422130831e-01, -6.458102954004328947e-03 ,2.992696264287660318e-03,
            # 6.460524106875676319e-03, 9.999788998662688666e-01 ,-8.000607440899169679e-04,
            # -2.987465976254621760e-03, 8.193748624628696686e-04 ,9.999952911489247143e-01] ## IMU to ouster before 2023-02





publish:
    path_publish_en:  false
    scan_publish_en:  true       # false: close all the point cloud output
    scan_effect_pub_en: true    # true: publish the pointscloud of effect point
    dense_publish_en: false       # false: low down the points number in a global-frame point clouds scan.
    scan_bodyframe_pub_en: true  # true: output the point cloud scans in IMU-body-frame

path_save_en: true

pcd_save:
    pcd_save_en: true
    interval: -1                 # how many LiDAR frames saved in each pcd file; 
                                 # -1 : all frames will be saved in ONE pcd file, may lead to memory crash when having too much frames.
feature_extract_enable: false
point_filter_num: 3
max_iteration: 3
filter_size_surf: 0.5
filter_size_map: 0.5             # 暂时未用到，代码中为0， 即倾向于将降采样后的scan中的所有点加入map
cube_side_length: 1000

ivox_grid_resolution: 0.5        # default=0.2
ivox_nearby_type: 18             # 6, 18, 26
esti_plane_threshold: 0.1        # default=0.1
